0.000000e+00
1.000000e-09
2.000000e-09
3.000000e-09
4.000000e-09
5.000000e-09
6.000000e-09
7.000000e-09
8.000000e-09
9.000000e-09
1.000000e-08
1.100000e-08
1.200000e-08
1.300000e-08
1.400000e-08
1.500000e-08
1.600000e-08
1.700000e-08
1.800000e-08
1.900000e-08
2.000000e-08
2.100000e-08
2.200000e-08
2.300000e-08
2.400000e-08
2.500000e-08
2.600000e-08
2.700000e-08
2.800000e-08
2.900000e-08
3.000000e-08
3.100000e-08
3.200000e-08
3.300000e-08
3.400000e-08
3.500000e-08
3.600000e-08
3.700000e-08
3.800000e-08
3.900000e-08
4.000000e-08
4.100000e-08
4.200000e-08
4.300000e-08
4.400000e-08
4.500000e-08
4.600000e-08
4.700000e-08
4.800000e-08
4.900000e-08
5.000000e-08
5.100000e-08
5.200000e-08
5.300000e-08
5.400000e-08
5.500000e-08
5.600000e-08
5.700000e-08
5.800000e-08
5.900000e-08
6.000000e-08
6.100000e-08
6.200000e-08
6.300000e-08
6.400000e-08
6.500000e-08
6.600000e-08
6.700000e-08
6.800000e-08
6.900000e-08
7.000000e-08
7.100000e-08
7.200000e-08
7.300000e-08
7.400000e-08
7.500000e-08
7.600000e-08
7.700000e-08
7.800000e-08
7.900000e-08
8.000000e-08
8.100000e-08
8.200000e-08
8.300000e-08
8.400000e-08
8.500000e-08
8.600000e-08
8.700000e-08
8.800000e-08
8.900000e-08
9.000000e-08
9.100000e-08
9.200000e-08
9.300000e-08
9.400000e-08
9.500000e-08
9.600000e-08
9.700000e-08
9.800000e-08
9.900000e-08
1.000000e-07
1.010000e-07
1.020000e-07
1.030000e-07
1.040000e-07
1.050000e-07
1.060000e-07
1.070000e-07
1.080000e-07
1.090000e-07
1.100000e-07
1.110000e-07
1.120000e-07
1.130000e-07
1.140000e-07
1.150000e-07
1.160000e-07
1.170000e-07
1.180000e-07
1.190000e-07
1.200000e-07
1.210000e-07
1.220000e-07
1.230000e-07
1.240000e-07
1.250000e-07
1.260000e-07
1.270000e-07
1.280000e-07
1.290000e-07
1.300000e-07
1.310000e-07
1.320000e-07
1.330000e-07
1.340000e-07
1.350000e-07
1.360000e-07
1.370000e-07
1.380000e-07
1.390000e-07
1.400000e-07
1.410000e-07
1.420000e-07
1.430000e-07
1.440000e-07
1.450000e-07
1.460000e-07
1.470000e-07
1.480000e-07
1.490000e-07
1.500000e-07
1.510000e-07
1.520000e-07
1.530000e-07
1.540000e-07
1.550000e-07
1.560000e-07
1.570000e-07
1.580000e-07
1.590000e-07
1.600000e-07
1.610000e-07
1.620000e-07
1.630000e-07
1.640000e-07
1.650000e-07
1.660000e-07
1.670000e-07
1.680000e-07
1.690000e-07
1.700000e-07
1.710000e-07
1.720000e-07
1.730000e-07
1.740000e-07
1.750000e-07
1.760000e-07
1.770000e-07
1.780000e-07
1.790000e-07
1.800000e-07
1.810000e-07
1.820000e-07
1.830000e-07
1.840000e-07
1.850000e-07
1.860000e-07
1.870000e-07
1.880000e-07
1.890000e-07
1.900000e-07
1.910000e-07
1.920000e-07
1.930000e-07
1.940000e-07
1.950000e-07
1.960000e-07
1.970000e-07
1.980000e-07
1.990000e-07
2.000000e-07
2.010000e-07
2.020000e-07
2.030000e-07
2.040000e-07
2.050000e-07
2.060000e-07
2.070000e-07
2.080000e-07
2.090000e-07
2.100000e-07
2.110000e-07
2.120000e-07
2.130000e-07
2.140000e-07
2.150000e-07
2.160000e-07
2.170000e-07
2.180000e-07
2.190000e-07
2.200000e-07
2.210000e-07
2.220000e-07
2.230000e-07
2.240000e-07
2.250000e-07
2.260000e-07
2.270000e-07
2.280000e-07
2.290000e-07
2.300000e-07
2.310000e-07
2.320000e-07
2.330000e-07
2.340000e-07
2.350000e-07
2.360000e-07
2.370000e-07
2.380000e-07
2.390000e-07
2.400000e-07
2.410000e-07
2.420000e-07
2.430000e-07
2.440000e-07
2.450000e-07
2.460000e-07
2.470000e-07
2.480000e-07
2.490000e-07
2.500000e-07
2.510000e-07
2.520000e-07
2.530000e-07
2.540000e-07
2.550000e-07
2.560000e-07
2.570000e-07
2.580000e-07
2.590000e-07
2.600000e-07
2.610000e-07
2.620000e-07
2.630000e-07
2.640000e-07
2.650000e-07
2.660000e-07
2.670000e-07
2.680000e-07
2.690000e-07
2.700000e-07
2.710000e-07
2.720000e-07
2.730000e-07
2.740000e-07
2.750000e-07
2.760000e-07
2.770000e-07
2.780000e-07
2.790000e-07
2.800000e-07
2.810000e-07
2.820000e-07
2.830000e-07
2.840000e-07
2.850000e-07
2.860000e-07
2.870000e-07
2.880000e-07
2.890000e-07
2.900000e-07
2.910000e-07
2.920000e-07
2.930000e-07
2.940000e-07
2.950000e-07
2.960000e-07
2.970000e-07
2.980000e-07
2.990000e-07
3.000000e-07
3.010000e-07
3.020000e-07
3.030000e-07
3.040000e-07
3.050000e-07
3.060000e-07
3.070000e-07
3.080000e-07
3.090000e-07
3.100000e-07
3.110000e-07
3.120000e-07
3.130000e-07
3.140000e-07
3.150000e-07
3.160000e-07
3.170000e-07
3.180000e-07
3.190000e-07
3.200000e-07
3.210000e-07
3.220000e-07
3.230000e-07
3.240000e-07
3.250000e-07
3.260000e-07
3.270000e-07
3.280000e-07
3.290000e-07
3.300000e-07
3.310000e-07
3.320000e-07
3.330000e-07
3.340000e-07
3.350000e-07
3.360000e-07
3.370000e-07
3.380000e-07
3.390000e-07
3.400000e-07
3.410000e-07
3.420000e-07
3.430000e-07
3.440000e-07
3.450000e-07
3.460000e-07
3.470000e-07
3.480000e-07
3.490000e-07
3.500000e-07
3.510000e-07
3.520000e-07
3.530000e-07
3.540000e-07
3.550000e-07
3.560000e-07
3.570000e-07
3.580000e-07
3.590000e-07
3.600000e-07
3.610000e-07
3.620000e-07
3.630000e-07
3.640000e-07
3.650000e-07
3.660000e-07
3.670000e-07
3.680000e-07
3.690000e-07
3.700000e-07
3.710000e-07
3.720000e-07
3.730000e-07
3.740000e-07
3.750000e-07
3.760000e-07
3.770000e-07
3.780000e-07
3.790000e-07
3.800000e-07
3.810000e-07
3.820000e-07
3.830000e-07
3.840000e-07
3.850000e-07
3.860000e-07
3.870000e-07
3.880000e-07
3.890000e-07
3.900000e-07
3.910000e-07
3.920000e-07
3.930000e-07
3.940000e-07
3.950000e-07
3.960000e-07
3.970000e-07
3.980000e-07
3.990000e-07
4.000000e-07
4.010000e-07
4.020000e-07
4.030000e-07
4.040000e-07
4.050000e-07
4.060000e-07
4.070000e-07
4.080000e-07
4.090000e-07
4.100000e-07
4.110000e-07
4.120000e-07
4.130000e-07
4.140000e-07
4.150000e-07
4.160000e-07
4.170000e-07
4.180000e-07
4.190000e-07
4.200000e-07
4.210000e-07
4.220000e-07
4.230000e-07
4.240000e-07
4.250000e-07
4.260000e-07
4.270000e-07
4.280000e-07
4.290000e-07
4.300000e-07
4.310000e-07
4.320000e-07
4.330000e-07
4.340000e-07
4.350000e-07
4.360000e-07
4.370000e-07
4.380000e-07
4.390000e-07
4.400000e-07
4.410000e-07
4.420000e-07
4.430000e-07
4.440000e-07
4.450000e-07
4.460000e-07
4.470000e-07
4.480000e-07
4.490000e-07
4.500000e-07
4.510000e-07
4.520000e-07
4.530000e-07
4.540000e-07
4.550000e-07
4.560000e-07
4.570000e-07
4.580000e-07
4.590000e-07
4.600000e-07
4.610000e-07
4.620000e-07
4.630000e-07
4.640000e-07
4.650000e-07
4.660000e-07
4.670000e-07
4.680000e-07
4.690000e-07
4.700000e-07
4.710000e-07
4.720000e-07
4.730000e-07
4.740000e-07
4.750000e-07
4.760000e-07
4.770000e-07
4.780000e-07
4.790000e-07
4.800000e-07
4.810000e-07
4.820000e-07
4.830000e-07
4.840000e-07
4.850000e-07
4.860000e-07
4.870000e-07
4.880000e-07
4.890000e-07
4.900000e-07
4.910000e-07
4.920000e-07
4.930000e-07
4.940000e-07
4.950000e-07
4.960000e-07
4.970000e-07
4.980000e-07
4.990000e-07
5.000000e-07
5.010000e-07
5.020000e-07
5.030000e-07
5.040000e-07
5.050000e-07
5.060000e-07
5.070000e-07
5.080000e-07
5.090000e-07
5.100000e-07
5.110000e-07
5.120000e-07
5.130000e-07
5.140000e-07
5.150000e-07
5.160000e-07
5.170000e-07
5.180000e-07
5.190000e-07
5.200000e-07
5.210000e-07
5.220000e-07
5.230000e-07
5.240000e-07
5.250000e-07
5.260000e-07
5.270000e-07
5.280000e-07
5.290000e-07
5.300000e-07
5.310000e-07
5.320000e-07
5.330000e-07
5.340000e-07
5.350000e-07
5.360000e-07
5.370000e-07
5.380000e-07
5.390000e-07
5.400000e-07
5.410000e-07
5.420000e-07
5.430000e-07
5.440000e-07
5.450000e-07
5.460000e-07
5.470000e-07
5.480000e-07
5.490000e-07
5.500000e-07
5.510000e-07
5.520000e-07
5.530000e-07
5.540000e-07
5.550000e-07
5.560000e-07
5.570000e-07
5.580000e-07
5.590000e-07
5.600000e-07
5.610000e-07
5.620000e-07
5.630000e-07
5.640000e-07
5.650000e-07
5.660000e-07
5.670000e-07
5.680000e-07
5.690000e-07
5.700000e-07
5.710000e-07
5.720000e-07
5.730000e-07
5.740000e-07
5.750000e-07
5.760000e-07
5.770000e-07
5.780000e-07
5.790000e-07
5.800000e-07
5.810000e-07
5.820000e-07
5.830000e-07
5.840000e-07
5.850000e-07
5.860000e-07
5.870000e-07
5.880000e-07
5.890000e-07
5.900000e-07
5.910000e-07
5.920000e-07
5.930000e-07
5.940000e-07
5.950000e-07
5.960000e-07
5.970000e-07
5.980000e-07
5.990000e-07
6.000000e-07
6.010000e-07
6.020000e-07
6.030000e-07
6.040000e-07
6.050000e-07
6.060000e-07
6.070000e-07
6.080000e-07
6.090000e-07
6.100000e-07
6.110000e-07
6.120000e-07
6.130000e-07
6.140000e-07
6.150000e-07
6.160000e-07
6.170000e-07
6.180000e-07
6.190000e-07
6.200000e-07
6.210000e-07
6.220000e-07
6.230000e-07
6.240000e-07
6.250000e-07
6.260000e-07
6.270000e-07
6.280000e-07
6.290000e-07
6.300000e-07
6.310000e-07
6.320000e-07
6.330000e-07
6.340000e-07
6.350000e-07
6.360000e-07
6.370000e-07
6.380000e-07
6.390000e-07
6.400000e-07
6.410000e-07
6.420000e-07
6.430000e-07
6.440000e-07
6.450000e-07
6.460000e-07
6.470000e-07
6.480000e-07
6.490000e-07
6.500000e-07
6.510000e-07
6.520000e-07
6.530000e-07
6.540000e-07
6.550000e-07
6.560000e-07
6.570000e-07
6.580000e-07
6.590000e-07
6.600000e-07
6.610000e-07
6.620000e-07
6.630000e-07
6.640000e-07
6.650000e-07
6.660000e-07
6.670000e-07
6.680000e-07
6.690000e-07
6.700000e-07
6.710000e-07
6.720000e-07
6.730000e-07
6.740000e-07
6.750000e-07
6.760000e-07
6.770000e-07
6.780000e-07
6.790000e-07
6.800000e-07
6.810000e-07
6.820000e-07
6.830000e-07
6.840000e-07
6.850000e-07
6.860000e-07
6.870000e-07
6.880000e-07
6.890000e-07
6.900000e-07
6.910000e-07
6.920000e-07
6.930000e-07
6.940000e-07
6.950000e-07
6.960000e-07
6.970000e-07
6.980000e-07
6.990000e-07
7.000000e-07
7.010000e-07
7.020000e-07
7.030000e-07
7.040000e-07
7.050000e-07
7.060000e-07
7.070000e-07
7.080000e-07
7.090000e-07
7.100000e-07
7.110000e-07
7.120000e-07
7.130000e-07
7.140000e-07
7.150000e-07
7.160000e-07
7.170000e-07
7.180000e-07
7.190000e-07
7.200000e-07
7.210000e-07
7.220000e-07
7.230000e-07
7.240000e-07
7.250000e-07
7.260000e-07
7.270000e-07
7.280000e-07
7.290000e-07
7.300000e-07
7.310000e-07
7.320000e-07
7.330000e-07
7.340000e-07
7.350000e-07
7.360000e-07
7.370000e-07
7.380000e-07
7.390000e-07
7.400000e-07
7.410000e-07
7.420000e-07
7.430000e-07
7.440000e-07
7.450000e-07
7.460000e-07
7.470000e-07
7.480000e-07
7.490000e-07
7.500000e-07
7.510000e-07
7.520000e-07
7.530000e-07
7.540000e-07
7.550000e-07
7.560000e-07
7.570000e-07
7.580000e-07
7.590000e-07
7.600000e-07
7.610000e-07
7.620000e-07
7.630000e-07
7.640000e-07
7.650000e-07
7.660000e-07
7.670000e-07
7.680000e-07
7.690000e-07
7.700000e-07
7.710000e-07
7.720000e-07
7.730000e-07
7.740000e-07
7.750000e-07
7.760000e-07
7.770000e-07
7.780000e-07
7.790000e-07
7.800000e-07
7.810000e-07
7.820000e-07
7.830000e-07
7.840000e-07
7.850000e-07
7.860000e-07
7.870000e-07
7.880000e-07
7.890000e-07
7.900000e-07
7.910000e-07
7.920000e-07
7.930000e-07
7.940000e-07
7.950000e-07
7.960000e-07
7.970000e-07
7.980000e-07
7.990000e-07
8.000000e-07
8.010000e-07
8.020000e-07
8.030000e-07
8.040000e-07
8.050000e-07
8.060000e-07
8.070000e-07
8.080000e-07
8.090000e-07
8.100000e-07
8.110000e-07
8.120000e-07
8.130000e-07
8.140000e-07
8.150000e-07
8.160000e-07
8.170000e-07
8.180000e-07
8.190000e-07
8.200000e-07
8.210000e-07
8.280000e-07
8.350000e-07
8.430000e-07
8.510000e-07
8.600000e-07
8.700000e-07
8.810000e-07
8.930000e-07
9.060000e-07
9.210000e-07
9.500000e-07
9.790000e-07
1.008000e-06
1.021000e-06
1.050000e-06
1.079000e-06
1.108000e-06
1.121000e-06
1.150000e-06
1.179000e-06
1.208000e-06
1.221000e-06
1.250000e-06
1.279000e-06
1.308000e-06
1.321000e-06
1.350000e-06
1.379000e-06
1.408000e-06
1.421000e-06
1.450000e-06
1.479000e-06
1.508000e-06
1.521000e-06
1.550000e-06
1.579000e-06
1.608000e-06
1.621000e-06
1.650000e-06
1.679000e-06
1.708000e-06
1.721000e-06
1.750000e-06
1.779000e-06
1.808000e-06
1.821000e-06
1.850000e-06
1.879000e-06
1.908000e-06
1.921000e-06
1.950000e-06
1.979000e-06
2.008000e-06
2.021000e-06
2.050000e-06
2.079000e-06
2.108000e-06
2.121000e-06
2.150000e-06
2.179000e-06
2.208000e-06
2.221000e-06
2.250000e-06
2.279000e-06
2.308000e-06
2.321000e-06
2.350000e-06
2.379000e-06
2.408000e-06
2.421000e-06
2.450000e-06
2.479000e-06
2.508000e-06
2.521000e-06
2.550000e-06
2.579000e-06
2.608000e-06
2.621000e-06
2.650000e-06
2.679000e-06
2.708000e-06
2.721000e-06
2.750000e-06
2.779000e-06
2.808000e-06
2.821000e-06
2.850000e-06
2.879000e-06
2.908000e-06
2.921000e-06
2.950000e-06
2.979000e-06
3.008000e-06
3.021000e-06
3.050000e-06
3.079000e-06
3.108000e-06
3.121000e-06
3.150000e-06
3.179000e-06
3.208000e-06
3.221000e-06
3.250000e-06
3.279000e-06
3.308000e-06
3.321000e-06
3.350000e-06
3.379000e-06
3.408000e-06
3.421000e-06
3.450000e-06
3.479000e-06
3.508000e-06
3.521000e-06
3.550000e-06
3.579000e-06
3.608000e-06
3.621000e-06
3.650000e-06
3.679000e-06
3.708000e-06
3.721000e-06
3.750000e-06
3.779000e-06
3.808000e-06
3.821000e-06
3.850000e-06
3.879000e-06
3.908000e-06
3.921000e-06
3.950000e-06
3.979000e-06
4.008000e-06
4.021000e-06
4.050000e-06
4.079000e-06
4.108000e-06
4.121000e-06
4.150000e-06
4.179000e-06
4.208000e-06
4.221000e-06
4.250000e-06
4.279000e-06
4.308000e-06
4.321000e-06
4.350000e-06
4.379000e-06
4.408000e-06
4.421000e-06
4.450000e-06
4.479000e-06
4.508000e-06
4.521000e-06
4.550000e-06
4.579000e-06
4.608000e-06
4.621000e-06
4.650000e-06
4.679000e-06
4.708000e-06
4.721000e-06
4.750000e-06
4.779000e-06
4.808000e-06
4.821000e-06
4.850000e-06
4.879000e-06
4.908000e-06
4.921000e-06
4.950000e-06
4.979000e-06
5.008000e-06
5.021000e-06
5.050000e-06
5.079000e-06
5.108000e-06
5.121000e-06
5.150000e-06
5.179000e-06
5.208000e-06
5.221000e-06
5.250000e-06
5.279000e-06
5.308000e-06
5.321000e-06
5.350000e-06
5.379000e-06
5.408000e-06
5.421000e-06
5.450000e-06
5.479000e-06
5.508000e-06
5.521000e-06
5.550000e-06
5.579000e-06
5.608000e-06
5.621000e-06
5.650000e-06
5.679000e-06
5.708000e-06
5.721000e-06
5.750000e-06
5.779000e-06
5.808000e-06
5.821000e-06
5.850000e-06
5.879000e-06
5.908000e-06
5.921000e-06
5.950000e-06
5.979000e-06
6.008000e-06
6.021000e-06
6.050000e-06
6.079000e-06
6.108000e-06
6.121000e-06
6.150000e-06
6.179000e-06
6.208000e-06
6.221000e-06
6.250000e-06
6.279000e-06
6.308000e-06
6.321000e-06
6.350000e-06
6.379000e-06
6.408000e-06
6.421000e-06
6.450000e-06
6.479000e-06
6.508000e-06
6.521000e-06
6.550000e-06
6.579000e-06
6.608000e-06
6.621000e-06
6.650000e-06
6.679000e-06
6.708000e-06
6.721000e-06
6.750000e-06
6.779000e-06
6.808000e-06
6.821000e-06
6.850000e-06
6.879000e-06
6.908000e-06
6.921000e-06
6.950000e-06
6.979000e-06
7.008000e-06
7.021000e-06
7.050000e-06
7.079000e-06
7.108000e-06
7.121000e-06
7.150000e-06
7.179000e-06
7.208000e-06
7.221000e-06
7.250000e-06
7.279000e-06
7.308000e-06
7.321000e-06
7.350000e-06
7.379000e-06
7.408000e-06
7.421000e-06
7.450000e-06
7.479000e-06
7.508000e-06
7.521000e-06
7.550000e-06
7.579000e-06
7.608000e-06
7.621000e-06
7.650000e-06
7.679000e-06
7.708000e-06
7.721000e-06
7.750000e-06
7.779000e-06
7.808000e-06
7.821000e-06
7.850000e-06
7.879000e-06
7.908000e-06
7.921000e-06
7.950000e-06
7.979000e-06
8.008000e-06
8.021000e-06
8.050000e-06
8.079000e-06
8.108000e-06
8.121000e-06
8.150000e-06
8.179000e-06
8.208000e-06
8.221000e-06
8.250000e-06
8.279000e-06
8.308000e-06
8.321000e-06
8.350000e-06
8.379000e-06
8.408000e-06
8.421000e-06
8.450000e-06
8.479000e-06
8.508000e-06
8.521000e-06
8.550000e-06
8.579000e-06
8.608000e-06
8.621000e-06
8.650000e-06
8.679000e-06
8.708000e-06
8.721000e-06
8.750000e-06
8.779000e-06
8.808000e-06
8.821000e-06
8.850000e-06
8.879000e-06
8.908000e-06
8.921000e-06
8.950000e-06
8.979000e-06
9.008000e-06
9.021000e-06
9.050000e-06
9.079000e-06
9.108000e-06
9.121000e-06
9.150000e-06
9.179000e-06
9.208000e-06
9.221000e-06
9.250000e-06
9.279000e-06
9.308000e-06
9.321000e-06
9.350000e-06
9.379000e-06
9.408000e-06
9.421000e-06
9.450000e-06
9.479000e-06
9.508000e-06
9.521000e-06
9.550000e-06
9.579000e-06
9.608000e-06
9.621000e-06
9.650000e-06
9.679000e-06
9.708000e-06
9.721000e-06
9.750000e-06
9.779000e-06
9.808000e-06
9.821000e-06
9.850000e-06
9.879000e-06
9.908000e-06
9.921000e-06
9.950000e-06
9.979000e-06
1.000800e-05
1.002100e-05
1.005000e-05
1.007900e-05
1.010800e-05
1.012100e-05
1.015000e-05
1.017900e-05
1.020800e-05
1.022100e-05
1.025000e-05
1.027900e-05
1.030800e-05
1.032100e-05
1.035000e-05
1.037900e-05
1.040800e-05
1.042100e-05
1.045000e-05
1.047900e-05
1.050800e-05
1.052100e-05
1.055000e-05
1.057900e-05
1.060800e-05
1.062100e-05
1.065000e-05
1.067900e-05
1.070800e-05
1.072100e-05
1.075000e-05
1.077900e-05
1.080800e-05
1.082100e-05
1.085000e-05
1.087900e-05
1.090800e-05
1.092100e-05
1.095000e-05
1.097900e-05
1.100800e-05
1.102100e-05
1.105000e-05
1.107900e-05
1.110800e-05
1.112100e-05
1.115000e-05
1.117900e-05
1.120800e-05
1.122100e-05
1.125000e-05
1.127900e-05
1.130800e-05
1.132100e-05
1.135000e-05
1.137900e-05
1.140800e-05
1.142100e-05
1.145000e-05
1.147900e-05
1.150800e-05
1.152100e-05
1.155000e-05
1.157900e-05
1.160800e-05
1.162100e-05
1.165000e-05
1.167900e-05
1.170800e-05
1.172100e-05
1.175000e-05
1.177900e-05
1.180800e-05
1.182100e-05
1.185000e-05
1.187900e-05
1.190800e-05
1.192100e-05
1.195000e-05
1.197900e-05
1.200800e-05
1.202100e-05
1.205000e-05
1.207900e-05
1.210800e-05
1.212100e-05
1.215000e-05
1.217900e-05
1.220800e-05
1.222100e-05
1.225000e-05
1.227900e-05
1.230800e-05
1.232100e-05
1.235000e-05
1.237900e-05
1.240800e-05
1.242100e-05
1.245000e-05
1.247900e-05
1.250800e-05
1.252100e-05
1.255000e-05
1.257900e-05
1.260800e-05
1.262100e-05
1.265000e-05
1.267900e-05
1.270800e-05
1.272100e-05
1.275000e-05
1.277900e-05
1.280800e-05
1.282100e-05
1.285000e-05
1.287900e-05
1.290800e-05
1.292100e-05
1.295000e-05
1.297900e-05
1.300800e-05
1.302100e-05
1.305000e-05
1.307900e-05
1.310800e-05
1.312100e-05
1.315000e-05
1.317900e-05
1.320800e-05
1.322100e-05
1.325000e-05
1.327900e-05
1.330800e-05
1.332100e-05
1.335000e-05
1.337900e-05
1.340800e-05
1.342100e-05
1.345000e-05
1.347900e-05
1.350800e-05
1.352100e-05
1.355000e-05
1.357900e-05
1.360800e-05
1.362100e-05
1.365000e-05
1.367900e-05
1.370800e-05
1.372100e-05
1.375000e-05
1.377900e-05
1.380800e-05
1.382100e-05
1.385000e-05
1.387900e-05
1.390800e-05
1.392100e-05
1.395000e-05
1.397900e-05
1.400800e-05
1.402100e-05
1.405000e-05
1.407900e-05
1.410800e-05
1.412100e-05
1.415000e-05
1.417900e-05
1.420800e-05
1.422100e-05
1.425000e-05
1.427900e-05
1.430800e-05
1.432100e-05
1.435000e-05
1.437900e-05
1.440800e-05
1.442100e-05
1.445000e-05
1.447900e-05
1.450800e-05
1.452100e-05
1.455000e-05
1.457900e-05
1.460800e-05
1.462100e-05
1.465000e-05
1.467900e-05
1.470800e-05
1.472100e-05
1.475000e-05
1.477900e-05
1.480800e-05
1.482100e-05
1.485000e-05
1.487900e-05
1.490800e-05
1.492100e-05
1.495000e-05
1.497900e-05
1.500800e-05
1.502100e-05
1.505000e-05
1.507900e-05
1.510800e-05
1.512100e-05
1.515000e-05
1.517900e-05
1.520800e-05
1.522100e-05
1.525000e-05
1.527900e-05
1.530800e-05
1.532100e-05
1.535000e-05
1.537900e-05
1.540800e-05
1.542100e-05
1.545000e-05
1.547900e-05
1.550800e-05
1.552100e-05
1.555000e-05
1.557900e-05
1.560800e-05
1.562100e-05
1.565000e-05
1.567900e-05
1.570800e-05
1.572100e-05
1.575000e-05
1.577900e-05
1.580800e-05
1.582100e-05
1.585000e-05
1.587900e-05
1.590800e-05
1.592100e-05
1.595000e-05
1.597900e-05
1.600800e-05
1.602100e-05
1.605000e-05
1.607900e-05
1.610800e-05
1.612100e-05
1.615000e-05
1.617900e-05
1.620800e-05
1.622100e-05
1.625000e-05
1.627900e-05
1.630800e-05
1.632100e-05
1.635000e-05
1.637900e-05
1.640800e-05
1.642100e-05
1.645000e-05
1.647900e-05
1.650800e-05
1.652100e-05
1.655000e-05
1.657900e-05
1.660800e-05
1.662100e-05
1.665000e-05
1.667900e-05
1.670800e-05
1.672100e-05
1.675000e-05
1.677900e-05
1.680800e-05
1.682100e-05
1.685000e-05
1.687900e-05
1.690800e-05
1.692100e-05
1.695000e-05
1.697900e-05
1.700800e-05
1.702100e-05
1.705000e-05
1.707900e-05
1.710800e-05
1.712100e-05
1.715000e-05
1.717900e-05
1.720800e-05
1.722100e-05
1.725000e-05
1.727900e-05
1.730800e-05
1.732100e-05
1.735000e-05
1.737900e-05
1.740800e-05
1.742100e-05
1.745000e-05
1.747900e-05
1.750800e-05
1.752100e-05
1.755000e-05
1.757900e-05
1.760800e-05
1.762100e-05
1.765000e-05
1.767900e-05
1.770800e-05
1.772100e-05
1.775000e-05
1.777900e-05
1.780800e-05
1.782100e-05
1.785000e-05
1.787900e-05
1.790800e-05
1.792100e-05
1.795000e-05
1.797900e-05
1.800800e-05
1.802100e-05
1.805000e-05
1.807900e-05
1.810800e-05
1.812100e-05
1.815000e-05
1.817900e-05
1.820800e-05
1.822100e-05
1.825000e-05
1.827900e-05
1.830800e-05
1.832100e-05
1.835000e-05
1.837900e-05
1.840800e-05
1.842100e-05
1.845000e-05
1.847900e-05
1.850800e-05
1.852100e-05
1.855000e-05
1.857900e-05
1.860800e-05
1.862100e-05
1.865000e-05
1.867900e-05
1.870800e-05
1.872100e-05
1.875000e-05
1.877900e-05
1.880800e-05
1.882100e-05
1.885000e-05
1.887900e-05
1.890800e-05
1.892100e-05
1.895000e-05
1.897900e-05
1.900800e-05
1.902100e-05
1.905000e-05
1.907900e-05
1.910800e-05
1.912100e-05
1.915000e-05
1.917900e-05
1.920800e-05
1.922100e-05
1.925000e-05
1.927900e-05
1.930800e-05
1.932100e-05
1.935000e-05
1.937900e-05
1.940800e-05
1.942100e-05
1.945000e-05
1.947900e-05
1.950800e-05
1.952100e-05
1.955000e-05
1.957900e-05
1.960800e-05
1.962100e-05
1.965000e-05
1.967900e-05
1.970800e-05
1.972100e-05
1.975000e-05
1.977900e-05
1.980800e-05
1.982100e-05
1.985000e-05
1.987900e-05
1.990800e-05
1.992100e-05
1.995000e-05
1.997900e-05
2.000800e-05
2.002100e-05
2.005000e-05
2.007900e-05
2.010800e-05
2.012100e-05
2.015000e-05
2.017900e-05
2.020800e-05
2.022100e-05
2.025000e-05
2.027900e-05
2.030800e-05
2.032100e-05
2.035000e-05
2.037900e-05
2.040800e-05
2.042100e-05
2.045000e-05
2.047900e-05
2.050800e-05
2.052100e-05
2.055000e-05
2.057900e-05
2.060800e-05
2.062100e-05
2.065000e-05
2.067900e-05
2.070800e-05
2.072100e-05
2.075000e-05
2.077900e-05
2.080800e-05
2.082100e-05
2.085000e-05
2.087900e-05
2.090800e-05
2.092100e-05
2.095000e-05
2.097900e-05
2.100800e-05
2.102100e-05
2.105000e-05
2.107900e-05
2.110800e-05
2.112100e-05
2.115000e-05
2.117900e-05
2.120800e-05
2.122100e-05
2.125000e-05
2.127900e-05
2.130800e-05
2.132100e-05
2.135000e-05
2.137900e-05
2.140800e-05
2.142100e-05
2.145000e-05
2.147900e-05
2.150800e-05
2.152100e-05
2.155000e-05
2.157900e-05
2.160800e-05
2.162100e-05
2.165000e-05
2.167900e-05
2.170800e-05
2.172100e-05
2.175000e-05
2.177900e-05
2.180800e-05
2.182100e-05
2.185000e-05
2.187900e-05
2.190800e-05
2.192100e-05
2.195000e-05
2.197900e-05
2.200800e-05
2.202100e-05
2.205000e-05
2.207900e-05
2.210800e-05
2.212100e-05
2.215000e-05
2.217900e-05
2.220800e-05
2.222100e-05
2.225000e-05
2.227900e-05
2.230800e-05
2.232100e-05
2.235000e-05
2.237900e-05
2.240800e-05
2.242100e-05
2.245000e-05
2.247900e-05
2.250800e-05
2.252100e-05
2.255000e-05
2.257900e-05
2.260800e-05
2.262100e-05
2.265000e-05
2.267900e-05
2.270800e-05
2.272100e-05
2.275000e-05
2.277900e-05
2.280800e-05
2.282100e-05
2.285000e-05
2.287900e-05
2.290800e-05
2.292100e-05
2.295000e-05
2.297900e-05
2.300800e-05
2.302100e-05
2.305000e-05
2.307900e-05
2.310800e-05
2.312100e-05
2.315000e-05
2.317900e-05
2.320800e-05
2.322100e-05
2.325000e-05
2.327900e-05
2.330800e-05
2.332100e-05
2.335000e-05
2.337900e-05
2.340800e-05
2.342100e-05
2.345000e-05
2.347900e-05
2.350800e-05
2.352100e-05
2.355000e-05
2.357900e-05
2.360800e-05
2.362100e-05
2.365000e-05
2.367900e-05
2.370800e-05
2.372100e-05
2.375000e-05
2.377900e-05
2.380800e-05
2.382100e-05
2.385000e-05
2.387900e-05
2.390800e-05
2.392100e-05
2.395000e-05
2.397900e-05
2.400800e-05
2.402100e-05
2.405000e-05
2.407900e-05
2.410800e-05
2.412100e-05
2.415000e-05
2.417900e-05
2.420800e-05
2.422100e-05
2.425000e-05
2.427900e-05
2.430800e-05
2.432100e-05
2.435000e-05
2.437900e-05
2.440800e-05
2.442100e-05
2.445000e-05
2.447900e-05
2.450800e-05
2.452100e-05
2.455000e-05
2.457900e-05
2.460800e-05
2.462100e-05
2.462200e-05
2.462300e-05
2.462400e-05
2.462500e-05
2.462600e-05
2.462700e-05
2.462800e-05
2.462900e-05
2.463000e-05
2.463100e-05
2.463200e-05
2.463300e-05
2.463400e-05
2.463500e-05
2.463600e-05
2.463700e-05
2.463800e-05
2.463900e-05
2.464000e-05
2.464100e-05
2.464200e-05
2.464300e-05
2.464400e-05
2.464500e-05
2.464600e-05
2.464700e-05
2.464800e-05
2.464900e-05
2.465000e-05
2.465100e-05
2.465200e-05
2.465300e-05
2.465400e-05
2.465500e-05
2.465600e-05
2.465700e-05
2.465800e-05
2.465900e-05
2.466000e-05
2.466100e-05
2.466200e-05
2.466300e-05
2.466400e-05
2.466500e-05
2.466600e-05
2.466700e-05
2.466800e-05
2.466900e-05
2.467000e-05
2.467100e-05
2.467200e-05
2.467300e-05
2.467400e-05
2.467500e-05
2.467600e-05
2.467700e-05
2.467800e-05
2.467900e-05
2.468000e-05
2.468100e-05
2.468200e-05
2.468300e-05
2.468400e-05
2.468500e-05
2.468600e-05
2.468700e-05
2.468800e-05
2.468900e-05
2.469000e-05
2.469100e-05
2.469200e-05
2.469300e-05
2.469400e-05
2.469500e-05
2.469600e-05
2.469700e-05
2.469800e-05
2.469900e-05
2.470000e-05
2.470100e-05
2.470200e-05
2.470300e-05
2.470400e-05
2.470500e-05
2.470600e-05
2.470700e-05
2.470800e-05
2.470900e-05
2.471000e-05
2.471100e-05
2.471200e-05
2.471300e-05
2.471400e-05
2.471500e-05
2.471600e-05
2.471700e-05
2.471800e-05
2.471900e-05
2.472000e-05
2.472100e-05
2.472200e-05
2.472300e-05
2.472400e-05
2.472500e-05
2.472600e-05
2.472700e-05
2.472800e-05
2.472900e-05
2.473000e-05
2.473100e-05
2.473200e-05
2.473300e-05
2.473400e-05
2.473500e-05
2.473600e-05
2.473700e-05
2.473800e-05
2.473900e-05
2.474000e-05
2.474100e-05
2.474200e-05
2.474300e-05
2.474400e-05
2.474500e-05
2.474600e-05
2.474700e-05
2.474800e-05
2.474900e-05
2.475000e-05
2.475100e-05
2.475200e-05
2.475300e-05
2.475400e-05
2.475500e-05
2.475600e-05
2.475700e-05
2.475800e-05
2.475900e-05
2.476000e-05
2.476100e-05
2.476200e-05
2.476300e-05
2.476400e-05
2.476500e-05
2.476600e-05
2.476700e-05
2.476800e-05
2.476900e-05
2.477000e-05
2.477100e-05
2.477200e-05
2.477300e-05
2.477400e-05
2.477500e-05
2.477600e-05
2.477700e-05
2.477800e-05
2.477900e-05
2.478000e-05
2.478100e-05
2.478200e-05
2.478300e-05
2.478400e-05
2.478500e-05
2.478600e-05
2.478700e-05
2.478800e-05
2.478900e-05
2.479000e-05
2.479100e-05
2.479200e-05
2.479300e-05
2.479400e-05
2.479500e-05
2.479600e-05
2.479700e-05
2.479800e-05
2.479900e-05
2.480000e-05
2.480100e-05
2.480200e-05
2.480300e-05
2.480400e-05
2.480500e-05
2.480600e-05
2.480700e-05
2.480800e-05
2.480900e-05
2.481000e-05
2.481100e-05
2.481200e-05
2.481300e-05
2.481400e-05
2.481500e-05
2.481600e-05
2.481700e-05
2.481800e-05
2.481900e-05
2.482000e-05
2.482100e-05
2.482200e-05
2.482300e-05
2.482400e-05
2.482500e-05
2.482600e-05
2.482700e-05
2.482800e-05
2.482900e-05
2.483000e-05
2.483100e-05
2.483200e-05
2.483300e-05
2.483400e-05
2.483500e-05
2.483600e-05
2.483700e-05
2.483800e-05
2.483900e-05
2.484000e-05
2.484100e-05
2.484200e-05
2.484300e-05
2.484400e-05
2.484500e-05
2.484600e-05
2.484700e-05
2.484800e-05
2.484900e-05
2.485000e-05
2.485100e-05
2.485200e-05
2.485300e-05
2.485400e-05
2.485500e-05
2.485600e-05
2.485700e-05
2.485800e-05
2.485900e-05
2.486000e-05
2.486100e-05
2.486200e-05
2.486300e-05
2.486400e-05
2.486500e-05
2.486600e-05
2.486700e-05
2.486800e-05
2.486900e-05
2.487000e-05
2.487100e-05
2.487200e-05
2.487300e-05
2.487400e-05
2.487500e-05
2.487600e-05
2.487700e-05
2.487800e-05
2.487900e-05
2.488000e-05
2.488100e-05
2.488200e-05
2.488300e-05
2.488400e-05
2.488500e-05
2.488600e-05
2.488700e-05
2.488800e-05
2.488900e-05
2.489000e-05
2.489100e-05
2.489200e-05
2.489300e-05
2.489400e-05
2.489500e-05
2.489600e-05
2.489700e-05
2.489800e-05
2.489900e-05
2.490000e-05
2.490100e-05
2.490200e-05
2.490300e-05
2.490400e-05
2.490500e-05
2.490600e-05
2.490700e-05
2.490800e-05
2.490900e-05
2.491000e-05
2.491100e-05
2.491200e-05
2.491300e-05
2.491400e-05
2.491500e-05
2.491600e-05
2.491700e-05
2.491800e-05
2.491900e-05
2.492000e-05
2.492100e-05
2.492200e-05
2.492300e-05
2.492400e-05
2.492500e-05
2.492600e-05
2.492700e-05
2.492800e-05
2.492900e-05
2.493000e-05
2.493100e-05
2.493200e-05
2.493300e-05
2.493400e-05
2.493500e-05
2.493600e-05
2.493700e-05
2.493800e-05
2.493900e-05
2.494000e-05
2.494100e-05
2.494200e-05
2.494300e-05
2.494400e-05
2.494500e-05
2.494600e-05
2.494700e-05
2.494800e-05
2.494900e-05
2.495000e-05
2.495100e-05
2.495200e-05
2.495300e-05
2.495400e-05
2.495500e-05
2.495600e-05
2.495700e-05
2.495800e-05
2.495900e-05
2.496000e-05
2.496100e-05
2.496200e-05
2.496300e-05
2.496400e-05
2.496500e-05
2.496600e-05
2.496700e-05
2.496800e-05
2.496900e-05
2.497000e-05
2.497100e-05
2.497200e-05
2.497300e-05
2.497400e-05
2.497500e-05
2.497600e-05
2.497700e-05
2.497800e-05
2.497900e-05
2.498000e-05
2.498100e-05
2.498200e-05
2.498300e-05
2.498400e-05
2.498500e-05
2.498600e-05
2.498700e-05
2.498800e-05
2.498900e-05
2.499000e-05
2.499100e-05
2.499200e-05
2.499300e-05
2.499400e-05
2.499500e-05
2.499600e-05
2.499700e-05
2.499800e-05
2.499900e-05
2.500000e-05
2.500100e-05
2.500200e-05
2.500300e-05
2.500400e-05
2.500500e-05
2.500600e-05
2.500700e-05
2.500800e-05
2.500900e-05
2.501000e-05
2.501100e-05
2.501200e-05
2.501300e-05
2.501400e-05
2.501500e-05
2.501600e-05
2.501700e-05
2.501800e-05
2.501900e-05
2.502000e-05
2.502100e-05
2.502200e-05
2.502300e-05
2.502400e-05
2.502500e-05
2.502600e-05
2.502700e-05
2.502800e-05
2.502900e-05
2.503000e-05
2.503100e-05
2.503200e-05
2.503300e-05
2.503400e-05
2.503500e-05
2.503600e-05
2.503700e-05
2.503800e-05
2.503900e-05
2.504000e-05
2.504100e-05
2.504200e-05
2.504300e-05
2.504400e-05
2.504500e-05
2.504600e-05
2.504700e-05
2.504800e-05
2.504900e-05
2.505000e-05
2.505100e-05
2.505200e-05
2.505300e-05
2.505400e-05
2.505500e-05
2.505600e-05
2.505700e-05
2.505800e-05
2.505900e-05
2.506000e-05
2.506100e-05
2.506200e-05
2.506300e-05
2.506400e-05
2.506500e-05
2.506600e-05
2.506700e-05
2.506800e-05
2.506900e-05
2.507000e-05
2.507100e-05
2.507200e-05
2.507300e-05
2.507400e-05
2.507500e-05
2.507600e-05
2.507700e-05
2.507800e-05
2.507900e-05
2.508000e-05
2.508100e-05
2.508200e-05
2.508300e-05
2.508400e-05
2.508500e-05
2.508600e-05
2.508700e-05
2.508800e-05
2.508900e-05
2.509000e-05
2.509100e-05
2.509200e-05
2.509300e-05
2.509400e-05
2.509500e-05
2.509600e-05
2.509700e-05
2.509800e-05
2.509900e-05
2.510000e-05
2.510100e-05
2.510200e-05
2.510300e-05
2.510400e-05
2.510500e-05
2.510600e-05
2.510700e-05
2.510800e-05
2.510900e-05
2.511000e-05
2.511100e-05
2.511200e-05
2.511300e-05
2.511400e-05
2.511500e-05
2.511600e-05
2.511700e-05
2.511800e-05
2.511900e-05
2.512000e-05
2.512100e-05
2.512200e-05
2.512300e-05
2.512400e-05
2.512500e-05
2.512600e-05
2.512700e-05
2.512800e-05
2.512900e-05
2.513000e-05
2.513100e-05
2.513200e-05
2.513300e-05
2.513400e-05
2.513500e-05
2.513600e-05
2.513700e-05
2.513800e-05
2.513900e-05
2.514000e-05
2.514100e-05
2.514700e-05
2.515300e-05
2.516000e-05
2.516800e-05
2.517600e-05
2.518500e-05
2.519500e-05
2.520600e-05
2.521800e-05
2.523100e-05
2.524100e-05
2.527000e-05
2.529900e-05
2.532800e-05
2.534100e-05
2.537000e-05
2.539900e-05
2.542800e-05
2.544100e-05
2.547000e-05
2.549900e-05
2.552800e-05
2.554100e-05
2.557000e-05
2.559900e-05
2.562800e-05
2.564100e-05
2.567000e-05
2.569900e-05
2.572800e-05
2.574100e-05
2.577000e-05
2.579900e-05
2.582800e-05
2.584100e-05
2.587000e-05
2.589900e-05
2.592800e-05
2.594100e-05
2.597000e-05
2.599900e-05
2.602800e-05
2.604100e-05
2.607000e-05
2.609900e-05
2.612800e-05
2.614100e-05
2.617000e-05
2.619900e-05
2.622800e-05
2.624100e-05
2.627000e-05
2.629900e-05
2.632800e-05
2.634100e-05
2.637000e-05
2.639900e-05
2.642800e-05
2.644100e-05
2.647000e-05
2.649900e-05
2.652800e-05
2.654100e-05
2.657000e-05
2.659900e-05
2.662800e-05
2.664100e-05
2.667000e-05
2.669900e-05
2.672800e-05
2.674100e-05
2.677000e-05
2.679900e-05
2.682800e-05
2.684100e-05
2.687000e-05
2.689900e-05
2.692800e-05
2.694100e-05
2.697000e-05
2.699900e-05
2.702800e-05
2.704100e-05
2.707000e-05
2.709900e-05
2.712800e-05
2.714100e-05
2.717000e-05
2.719900e-05
2.722800e-05
2.724100e-05
2.727000e-05
2.729900e-05
2.732800e-05
2.734100e-05
2.737000e-05
2.739900e-05
2.742800e-05
2.744100e-05
2.747000e-05
2.749900e-05
2.752800e-05
2.754100e-05
2.757000e-05
2.759900e-05
2.762800e-05
2.764100e-05
2.767000e-05
2.769900e-05
2.772800e-05
2.774100e-05
2.777000e-05
2.779900e-05
2.782800e-05
2.784100e-05
2.787000e-05
2.789900e-05
2.792800e-05
2.794100e-05
2.797000e-05
2.799900e-05
2.802800e-05
2.804100e-05
2.807000e-05
2.809900e-05
2.812800e-05
2.814100e-05
2.817000e-05
2.819900e-05
2.822800e-05
2.824100e-05
2.827000e-05
2.829900e-05
2.832800e-05
2.834100e-05
2.837000e-05
2.839900e-05
2.842800e-05
2.844100e-05
2.847000e-05
2.849900e-05
2.852800e-05
2.854100e-05
2.857000e-05
2.859900e-05
2.862800e-05
2.864100e-05
2.867000e-05
2.869900e-05
2.872800e-05
2.874100e-05
2.877000e-05
2.879900e-05
2.882800e-05
2.884100e-05
2.887000e-05
2.889900e-05
2.892800e-05
2.894100e-05
2.897000e-05
2.899900e-05
2.902800e-05
2.904100e-05
2.907000e-05
2.909900e-05
2.912800e-05
2.914100e-05
2.917000e-05
2.919900e-05
2.922800e-05
2.924100e-05
2.927000e-05
2.929900e-05
2.932800e-05
2.934100e-05
2.937000e-05
2.939900e-05
2.942800e-05
2.944100e-05
2.947000e-05
2.949900e-05
2.952800e-05
2.954100e-05
2.957000e-05
2.959900e-05
2.962800e-05
2.964100e-05
2.967000e-05
2.969900e-05
2.972800e-05
2.974100e-05
2.977000e-05
2.979900e-05
2.982800e-05
2.984100e-05
2.987000e-05
2.989900e-05
2.992800e-05
2.994100e-05
2.997000e-05
2.999900e-05
3.002800e-05
3.004100e-05
3.007000e-05
3.009900e-05
3.012800e-05
3.014100e-05
3.017000e-05
3.019900e-05
3.022800e-05
3.024100e-05
3.027000e-05
3.029900e-05
3.032800e-05
3.034100e-05
3.037000e-05
3.039900e-05
3.042800e-05
3.044100e-05
3.047000e-05
3.049900e-05
3.052800e-05
3.054100e-05
3.057000e-05
3.059900e-05
3.062800e-05
3.064100e-05
3.067000e-05
3.069900e-05
3.072800e-05
3.074100e-05
3.077000e-05
3.079900e-05
3.082800e-05
3.084100e-05
3.087000e-05
3.089900e-05
3.092800e-05
3.094100e-05
3.097000e-05
3.099900e-05
3.102800e-05
3.104100e-05
3.107000e-05
3.109900e-05
3.112800e-05
3.114100e-05
3.117000e-05
3.119900e-05
3.122800e-05
3.124100e-05
3.127000e-05
3.129900e-05
3.132800e-05
3.134100e-05
3.137000e-05
3.139900e-05
3.142800e-05
3.144100e-05
3.147000e-05
3.149900e-05
3.152800e-05
3.154100e-05
3.157000e-05
3.159900e-05
3.162800e-05
3.164100e-05
3.167000e-05
3.169900e-05
3.172800e-05
3.174100e-05
3.177000e-05
3.179900e-05
3.182800e-05
3.184100e-05
3.187000e-05
3.189900e-05
3.192800e-05
3.194100e-05
3.197000e-05
3.199900e-05
3.202800e-05
3.204100e-05
3.207000e-05
3.209900e-05
3.212800e-05
3.214100e-05
3.217000e-05
3.219900e-05
3.222800e-05
3.224100e-05
3.227000e-05
3.229900e-05
3.232800e-05
3.234100e-05
3.237000e-05
3.239900e-05
3.242800e-05
3.244100e-05
3.247000e-05
3.249900e-05
3.252800e-05
3.254100e-05
3.257000e-05
3.259900e-05
3.262800e-05
3.264100e-05
3.267000e-05
3.269900e-05
3.272800e-05
3.274100e-05
3.277000e-05
3.279900e-05
3.282800e-05
3.284100e-05
3.287000e-05
3.289900e-05
3.292800e-05
3.294100e-05
3.297000e-05
3.299900e-05
3.302800e-05
3.304100e-05
3.307000e-05
3.309900e-05
3.312800e-05
3.314100e-05
3.317000e-05
3.319900e-05
3.322800e-05
3.324100e-05
3.327000e-05
3.329900e-05
3.332800e-05
3.334100e-05
3.337000e-05
3.339900e-05
3.342800e-05
3.344100e-05
3.347000e-05
3.349900e-05
3.352800e-05
3.354100e-05
3.357000e-05
3.359900e-05
3.362800e-05
3.364100e-05
3.367000e-05
3.369900e-05
3.372800e-05
3.374100e-05
3.377000e-05
3.379900e-05
3.382800e-05
3.384100e-05
3.387000e-05
3.389900e-05
3.392800e-05
3.394100e-05
3.397000e-05
3.399900e-05
3.402800e-05
3.404100e-05
3.407000e-05
3.409900e-05
3.412800e-05
3.414100e-05
3.417000e-05
3.419900e-05
3.422800e-05
3.424100e-05
3.427000e-05
3.429900e-05
3.432800e-05
3.434100e-05
3.437000e-05
3.439900e-05
3.442800e-05
3.444100e-05
3.447000e-05
3.449900e-05
3.452800e-05
3.454100e-05
3.457000e-05
3.459900e-05
3.462800e-05
3.464100e-05
3.467000e-05
3.469900e-05
3.472800e-05
3.474100e-05
3.477000e-05
3.479900e-05
3.482800e-05
3.484100e-05
3.487000e-05
3.489900e-05
3.492800e-05
3.494100e-05
3.497000e-05
3.499900e-05
3.502800e-05
3.504100e-05
3.507000e-05
3.509900e-05
3.512800e-05
3.514100e-05
3.517000e-05
3.519900e-05
3.522800e-05
3.524100e-05
3.527000e-05
3.529900e-05
3.532800e-05
3.534100e-05
3.537000e-05
3.539900e-05
3.542800e-05
3.544100e-05
3.547000e-05
3.549900e-05
3.552800e-05
3.554100e-05
3.557000e-05
3.559900e-05
3.562800e-05
3.564100e-05
3.567000e-05
3.569900e-05
3.572800e-05
3.574100e-05
3.577000e-05
3.579900e-05
3.582800e-05
3.584100e-05
3.587000e-05
3.589900e-05
3.592800e-05
3.594100e-05
3.597000e-05
3.599900e-05
3.602800e-05
3.604100e-05
3.607000e-05
3.609900e-05
3.612800e-05
3.614100e-05
3.617000e-05
3.619900e-05
3.622800e-05
3.624100e-05
3.627000e-05
3.629900e-05
3.632800e-05
3.634100e-05
3.637000e-05
3.639900e-05
3.642800e-05
3.644100e-05
3.647000e-05
3.649900e-05
3.652800e-05
3.654100e-05
3.657000e-05
3.659900e-05
3.662800e-05
3.664100e-05
3.667000e-05
3.669900e-05
3.672800e-05
3.674100e-05
3.677000e-05
3.679900e-05
3.682800e-05
3.684100e-05
3.687000e-05
3.689900e-05
3.692800e-05
3.694100e-05
3.697000e-05
3.699900e-05
3.702800e-05
3.704100e-05
3.707000e-05
3.709900e-05
3.712800e-05
3.714100e-05
3.717000e-05
3.719900e-05
3.722800e-05
3.724100e-05
3.727000e-05
3.729900e-05
3.732800e-05
3.734100e-05
3.737000e-05
3.739900e-05
3.742800e-05
3.744100e-05
3.747000e-05
3.749900e-05
3.752800e-05
3.754100e-05
3.757000e-05
3.759900e-05
3.762800e-05
3.764100e-05
3.767000e-05
3.769900e-05
3.772800e-05
3.774100e-05
3.777000e-05
3.779900e-05
3.782800e-05
3.784100e-05
3.787000e-05
3.789900e-05
3.792800e-05
3.794100e-05
3.797000e-05
3.799900e-05
3.802800e-05
3.804100e-05
3.807000e-05
3.809900e-05
3.812800e-05
3.814100e-05
3.817000e-05
3.819900e-05
3.822800e-05
3.824100e-05
3.827000e-05
3.829900e-05
3.832800e-05
3.834100e-05
3.837000e-05
3.839900e-05
3.842800e-05
3.844100e-05
3.847000e-05
3.849900e-05
3.852800e-05
3.854100e-05
3.857000e-05
3.859900e-05
3.862800e-05
3.864100e-05
3.867000e-05
3.869900e-05
3.872800e-05
3.874100e-05
3.877000e-05
3.879900e-05
3.882800e-05
3.884100e-05
3.887000e-05
3.889900e-05
3.892800e-05
3.894100e-05
3.897000e-05
3.899900e-05
3.902800e-05
3.904100e-05
3.906300e-05
3.909200e-05
3.912100e-05
3.915000e-05
3.916300e-05
3.919200e-05
3.922100e-05
3.925000e-05
3.926300e-05
3.929200e-05
3.932100e-05
3.935000e-05
3.936300e-05
3.939200e-05
3.942100e-05
3.945000e-05
3.946300e-05
3.949200e-05
3.952100e-05
3.955000e-05
3.956300e-05
3.959200e-05
3.962100e-05
3.965000e-05
3.966300e-05
3.969200e-05
3.972100e-05
3.975000e-05
3.976300e-05
3.979200e-05
3.982100e-05
3.985000e-05
3.986300e-05
3.989200e-05
3.992100e-05
3.995000e-05
3.996300e-05
3.999200e-05
